Date	 THigh    	TLow    	RelHum	SoilTemp	WindSpeed	SolarRad	Precip	ET	
5/1/2012	84.398	55.796	72.117	64.207	12.195	464.912	0.32	0.285	 
5/2/2012	83.336	60.872	81.292	67.857	7.449	428.077	0.05	0.194	 
5/3/2012	83.336	59.81	80.716	69.99	5.663	436.448	0.5	0.184	 
5/4/2012	88.664	62.528	80.166	71.03	6.239	386.83	0	0.191	 
5/5/2012	93.632	68.45	69.644	73.084	9.766	536.901	0	0.323	 
5/6/2012	74.714	56.624	82.875	69.509	13.515	306.363	0.98	0.16	 
5/7/2012	69.152	47.516	59.655	65.683	9.393	485.386	0	0.249	 
5/8/2012	67.28	45.284	55.05	62.626	7.829	448.604	0	0.227	 
5/9/2012	69.386	42.082	60.292	62.66	4.815	575.615	0	0.214	 
5/10/2012	86.882	49.424	44.891	64.889	11.873	568.724	0	0.445	 
5/11/2012	74.354	51.062	50.299	66.428	12.529	471.464	0	0.327	 
5/12/2012	70.574	47.984	47.47	65.2	7.254	480.525	0	0.256	 
5/13/2012	75.542	46.454	46.704	66.268	3.397	550.541	0	0.227	 
5/14/2012	82.742	43.857	42.658	66.807	3.789	579.655	0	0.27	 
5/15/2012	87.368	52.844	33.916	68.361	9.149	572.953	0	0.429	 
5/16/2012	79.574	42.325	37.773	67.499	5.813	595.716	0	0.314	 
5/17/2012	92.444	57.704	35.321	68.435	14.201	544.356	0	0.492	 
5/18/2012	92.336	65.498	42.988	69.851	15.508	488.415	0	0.447	 
5/19/2012	86.774	57.668	61.038	69.95	11.477	312.458	0.43	0.301	 
5/20/2012	70.574	52.25	68.537	67.945	10.044	471.639	0	0.232	 
5/21/2012	77.792	43.5	47.782	66.246	5.209	583.171	0	0.273	 
5/22/2012	87.242	57.344	37.734	67.801	14.348	578.793	0	0.47	 
5/23/2012	93.272	63.248	48.62	70.294	15.032	444.226	0.66	0.418	 
5/24/2012	71.87	54.14	82.642	67.368	8.837	360.116	0	0.154	 
5/25/2012	71.51	53.906	81.829	64.68	7.865	252.252	0.02	0.122	 
5/26/2012	96.818	63.356	62.743	71.316	13.585	418.401	0	0.368	 
5/27/2012	93.272	63.59	54.437	75.99	18.122	454.762	0.13	0.396	 
5/28/2012	78.98	56.624	66.199	73.045	5.501	598.407	0.22	0.249	 
5/29/2012	76.604	53.204	51.802	70.507	7.661	590.789	0	0.302	 
5/30/2012	66.902	49.406	71.754	65.876	6.408	280.606	0.08	0.135	 
5/31/2012	62.42	43.738	82.754	61.348	10.129	297.407	0.02	0.127	 
6/1/2012	65.714	39.486	71.012	61.169	4.948	341.731	0	0.138	 
6/2/2012	82.4	48.362	49.543	67.195	5.69	609.999	0	0.302	 
6/3/2012	89.726	57.344	54.825	71.883	7.346	511.356	0	0.321	 
6/4/2012	90.428	61.232	49.993	76.05	6.65	595.996	0	0.345	 
6/5/2012	87.836	56.624	56.626	76.736	4.628	575.753	0	0.278	 
6/6/2012	87.602	57.578	52.227	76.841	5.51	518.023	0	0.286	 
6/7/2012	87.008	68.216	49.808	76.666	6.442	582.292	0	0.325	 
6/8/2012	89.258	62.78	43.745	76.584	9.189	681.507	0	0.433	 
6/9/2012	92.21	63.356	42.714	76.998	11.918	702.495	0	0.509	 
6/10/2012	89.258	62.78	64.719	76.675	10.121	405.386	0.05	0.296	 
6/11/2012	82.04	53.312	54.875	73.817	6.85	717.259	0	0.335	 
6/12/2012	77.324	49.064	52.605	73.539	4.71	617.21	0	0.262	 
6/13/2012	87.71	58.982	47.444	74.365	10.899	570.422	0	0.419	 
6/14/2012	91.022	63.608	68.231	75.541	10.359	458.441	1.44	0.308	 
6/15/2012	73.418	60.53	91.363	69.534	5.64	193.995	0.55	0.072	 
6/16/2012	81.086	58.64	85.815	70.023	3.734	395.003	0.13	0.145	 
6/17/2012	90.554	60.422	72.052	72.792	9.123	651.81	0	0.335	 
6/18/2012	93.488	75.776	61.828	78.36	10.935	691.13	0	0.418	 
6/19/2012	91.382	75.074	62.378	80.656	13.455	680.531	0	0.411	 
6/20/2012	82.526	58.298	79.589	75.811	9.468	185.553	1.31	0.149	 
6/21/2012	80.15	56.75	70.943	71.665	4.416	727.184	0.01	0.264	 
6/22/2012	83.444	54.374	67.392	74.122	5.096	697.189	0	0.28	 
6/23/2012	84.164	60.998	77.962	73.886	10.251	557.545	0.37	0.269	 
6/24/2012	90.086	70.34	76.554	78.766	5.53	649.114	0	0.275	 
6/25/2012	85.586	70.214	77.74	80.429	7.896	468.182	0	0.225	 
6/26/2012	86.774	65.03	66.635	79.349	9.156	671.442	0	0.338	 
6/27/2012	97.394	75.668	64.845	83.319	6.36	677.77	0	0.348	 
6/28/2012	93.164	72.824	80.384	84.884	4.261	496.424	0	0.215	 
6/29/2012	88.448	72.104	74.204	83.058	5.07	431.258	0.02	0.203	 
6/30/2012	91.616	65.732	78.352	82.93	3.851	547.466	0	0.226	 
7/1/2012	91.022	68.216	73.595	83.967	4.1	583.258	0	0.247	 
7/2/2012	91.976	70.106	67.191	84.81	4.706	637.438	0	0.287	 
7/3/2012	95.414	70.826	65.302	85.414	4.973	635.284	0	0.305	 
7/4/2012	94.46	76.496	58.118	86.181	5.436	644.681	0	0.33	 
7/5/2012	96.584	76.136	56.154	87.454	4.873	640.15	0	0.329	 
7/6/2012	99.068	69.278	60.201	87.581	3.763	658.445	0	0.314	 
7/7/2012	86.072	70.7	79.555	85.14	5.05	483.924	0	0.203	 
7/8/2012	84.902	68.342	65.789	82.625	5.476	421.103	0	0.217	 
7/9/2012	88.07	64.328	62.378	83.827	3.891	671.119	0	0.281	 
7/10/2012	84.776	57.452	60.677	82.861	3.83	679.433	0	0.274	 
7/11/2012	87.836	57.11	65.764	82.011	2.71	633.634	0	0.247	 
7/12/2012	93.272	59.126	65.848	83.374	2.602	634.141	0	0.261	 
7/13/2012	94.82	67.622	62.865	85.636	2.573	614.087	0	0.264	 
7/14/2012	96.836	63.374	63.089	85.387	2.662	597.93	0	0.266	 
7/15/2012	96.584	65.03	59.554	85.457	4.39	632.038	0	0.311	 
7/16/2012	93.632	64.688	59.125	85.62	4.272	650.649	0	0.305	 
7/17/2012	97.412	67.514	59.258	86.334	3.652	612.185	0	0.295	 
7/18/2012	98.6	71.654	58.564	87.505	3.384	585.211	0	0.286	 
7/19/2012	98.24	68.108	62.437	88.011	2.815	655.095	0	0.291	 
7/20/2012	95.162	68.342	65.429	87.318	4.019	638.347	0	0.291	 
7/21/2012	96.836	66.92	57.692	85.987	4.346	572.556	0	0.296	 
7/22/2012	102.632	66.218	47.384	86.331	4.717	623.811	0	0.331	 
7/23/2012	101.804	67.514	50.464	87.24	3.466	624.629	0	0.308	 
7/24/2012	101.444	72.95	46.727	87.96	4.869	620.944	0	0.329	 
7/25/2012	101.804	74.012	48.463	89.413	6.801	617.088	0.1	0.365	 
7/26/2012	96.944	68.45	58.973	86.962	4.45	640.312	0	0.316	 
7/27/2012	86.198	60.188	62.365	83.818	4.059	649.418	0	0.271	 
7/28/2012	89.51	61.61	58.039	82.003	6.909	480.785	0	0.29	 
7/29/2012	98.132	64.562	56.688	84.927	3.526	626.96	0	0.302	 
7/30/2012	98.132	66.2	57.271	86.783	3.199	528.357	0	0.266	 
7/31/2012	98.24	62.798	58.301	86.398	2.914	605.946	0	0.282	 
8/1/2012	98.834	66.452	55.24	86.809	3.892	585.066	0	0.301	 
8/2/2012	93.272	68.81	65.452	86.734	3.725	589.033	0.03	0.265	 
8/3/2012	97.178	66.2	59.495	87.027	3.769	568.527	0	0.281	 
8/4/2012	81.464	58.874	65.57	82.373	6.035	446.091	0.04	0.221	 
8/5/2012	85.244	54.392	61.908	80.465	3.323	631.738	0	0.251	 
8/6/2012	96.836	54.626	44.818	82.148	4.199	620.466	0	0.329	 
8/7/2012	102.146	62.798	46.467	85.157	4.095	592.737	0	0.308	 
8/8/2012	97.178	67.028	56.858	85.647	3.683	500.315	0	0.263	 
8/9/2012	86.558	59.468	62.116	83.258	5.063	573.691	0	0.264	 
8/10/2012	80.87	51.674	63.197	81.139	3.568	623.847	0	0.236	 
8/11/2012	82.292	48.002	63.461	77.923	3.912	443.475	0.02	0.201	 
8/12/2012	82.058	63.014	67.736	78.16	6.16	442.878	0	0.217	 
8/13/2012	79.916	54.968	68.939	77.85	4.742	435.872	0	0.191	 
8/14/2012	87.116	49.19	62.357	77.724	4.549	542.018	0	0.253	 
8/15/2012	93.866	57.704	59.755	79.535	6.03	544.649	0	0.305	 
8/16/2012	75.776	49.19	57.078	78.697	6.65	481.852	0	0.239	 
8/17/2012	79.916	45.392	52.267	76.132	3.249	625.062	0	0.241	 
8/18/2012	73.76	43.628	77.095	69.792	4.192	252.699	0.13	0.115	 
8/19/2012	81.212	44.33	61.978	70.99	2.796	598.378	0	0.219	 
8/20/2012	88.664	46.22	49.594	74.023	3.376	564.276	0	0.261	 
8/21/2012	94.46	50.252	47.572	76.664	3.68	586.298	0	0.295	 
8/22/2012	93.038	52.142	46.019	77.058	5.171	508.24	0	0.307	 
8/23/2012	93.758	66.686	47.626	78.002	6.319	425.975	0	0.3	 
8/24/2012	80.87	65.264	84.948	75.371	5.638	173.689	0.17	0.09	 
8/25/2012	73.886	64.202	91.249	71.728	3.848	86.29	0.5	0.036	 
8/26/2012	83.21	63.716	82.975	73.428	2.715	235.504	0	0.097	 
8/27/2012	92.894	56.624	64.898	75.197	3.015	533.912	0	0.233	 
8/28/2012	96.566	59.702	50.195	76.743	4.97	536.999	0	0.307	 
8/29/2012	98.474	61.25	43.678	77.262	6.096	532.861	0	0.333	 
8/30/2012	100.112	62.546	43.854	78.613	5.124	538.415	0	0.308	 
8/31/2012	97.538	56.156	55.636	78.874	3.793	511.687	0	0.27	 
